0	1	0	1	0
0.01	0.997501	-0.499583	0.997507	-0.497839
0.02	0.990017	-0.99667	0.990063	-0.989726
0.03	0.977584	-1.48877	0.97774	-1.47325
0.04	0.960266	-1.97344	0.960634	-1.94607
0.05	0.938148	-2.44824	0.938862	-2.40589
0.06	0.911342	-2.91081	0.912567	-2.85053
0.07	0.879981	-3.35882	0.881909	-3.27787
0.08	0.844221	-3.79005	0.847074	-3.6859
0.09	0.804243	-4.20234	0.808262	-4.07272
0.1	0.760245	-4.59363	0.765696	-4.43657
0.11	0.712447	-4.96195	0.719613	-4.77578
0.12	0.661088	-5.30548	0.670267	-5.08884
0.13	0.606426	-5.62249	0.617928	-5.37437
0.14	0.548732	-5.9114	0.562876	-5.63114
0.15	0.488296	-6.17076	0.505405	-5.85807
0.16	0.42542	-6.39929	0.445817	-6.05425
0.17	0.360417	-6.59583	0.384425	-6.2189
0.18	0.293613	-6.75941	0.321546	-6.35144
0.19	0.225342	-6.8892	0.257505	-6.45141
0.2	0.155944	-6.98456	0.192627	-6.51856
0.21	0.0857669	-7.04501	0.127243	-6.55277
0.22	0.0151612	-7.07025	0.0616816	-6.55411
0.23	-0.0555204	-7.06016	-0.00373	-6.5228
0.24	-0.125924	-7.01478	-0.0686667	-6.45922
0.25	-0.195699	-6.93434	-0.132809	-6.36391
0.26	-0.264496	-6.81924	-0.195841	-6.23757
0.27	-0.33197	-6.67007	-0.257459	-6.08105
0.28	-0.397786	-6.48755	-0.317365	-5.89533
0.29	-0.461613	-6.27261	-0.375272	-5.68155
0.3	-0.523134	-6.02632	-0.430907	-5.44096
0.31	-0.582039	-5.74991	-0.484007	-5.17495
0.32	-0.638036	-5.44477	-0.534326	-4.88502
0.33	-0.690844	-5.11241	-0.581633	-4.57279
0.34	-0.740199	-4.7545	-0.625713	-4.23996
0.35	-0.785855	-4.37283	-0.666369	-3.88833
0.36	-0.827583	-3.9693	-0.703423	-3.51979
0.37	-0.865174	-3.54593	-0.736715	-3.13629
0.38	-0.898442	-3.10485	-0.766106	-2.73985
0.39	-0.92722	-2.64824	-0.791476	-2.33252
0.4	-0.951363	-2.1784	-0.812727	-1.91642
0.41	-0.970751	-1.69767	-0.829782	-1.49368
0.42	-0.985288	-1.20846	-0.842586	-1.06645
0.43	-0.9949	-0.713204	-0.851103	-0.636886
0.44	-0.99954	-0.214386	-0.855323	-0.207147
0.45	-0.999185	0.285503	-0.855253	0.220626
0.46	-0.993835	0.783965	-0.850924	0.644316
0.47	-0.983518	1.27851	-0.842387	1.06184
0.48	-0.968286	1.76666	-0.829714	1.47117
0.49	-0.948214	2.24599	-0.812998	1.87031
0.5	-0.923404	2.71409	-0.792348	2.25735
0.51	-0.893978	3.16862	-0.767897	2.63045
0.52	-0.860084	3.60732	-0.739792	2.98785
0.53	-0.821892	4.02799	-0.708198	3.32787
0.54	-0.779591	4.42853	-0.673297	3.64895
0.55	-0.733395	4.80693	-0.635287	3.94962
0.56	-0.683533	5.16131	-0.594378	4.22851
0.57	-0.630255	5.4899	-0.550793	4.4844
0.58	-0.573826	5.79104	-0.50477	4.71617
0.59	-0.51453	6.06324	-0.456554	4.92284
0.6	-0.452663	6.30514	-0.4064	5.10354
0.61	-0.388533	6.51553	-0.354572	5.25757
0.62	-0.322461	6.69335	-0.301339	5.38434
0.63	-0.254777	6.83772	-0.246977	5.48341
0.64	-0.18582	6.94792	-0.191765	5.55447
0.65	-0.115935	7.02339	-0.135982	5.59738
0.66	-0.0454695	7.06375	-0.079911	5.61211
0.67	0.0252228	7.06882	-0.0238332	5.59879
0.68	0.095789	7.03855	0.0319721	5.55767
0.69	0.165877	6.97311	0.0872288	5.48916
0.7	0.235135	6.87281	0.141666	5.39379
0.71	0.303218	6.73817	0.195017	5.27222
0.72	0.369786	6.56985	0.247025	5.12525
0.73	0.434506	6.36869	0.297441	4.95377
0.74	0.497054	6.1357	0.346023	4.75881
0.75	0.557118	5.87205	0.392542	4.54152
0.76	0.614397	5.57905	0.436783	4.30312
0.77	0.668606	5.25817	0.478539	4.04495
0.78	0.719473	4.911	0.51762	3.76844
0.79	0.766744	4.53929	0.553851	3.47509
0.8	0.810183	4.1449	0.587071	3.16648
0.81	0.849573	3.72979	0.617136	2.84424
0.82	0.884716	3.29603	0.643916	2.5101
0.83	0.915438	2.84581	0.667304	2.16578
0.84	0.941585	2.38136	0.687204	1.81307
0.85	0.963026	1.90501	0.703543	1.4538
0.86	0.979654	1.41913	0.716264	1.08979
0.87	0.991385	0.92617	0.725329	0.722894
0.88	0.998161	0.428576	0.730719	0.354956
0.89	0.999949	-0.0711602	0.732431	-0.0121833
0.9	0.996739	-0.57054	0.730484	-0.376701
0.91	0.988548	-1.06707	0.724912	-0.736799
0.92	0.975416	-1.55826	0.715768	-1.09072
0.93	0.957409	-2.04167	0.703124	-1.43673
0.94	0.934616	-2.51488	0.687066	-1.77318
0.95	0.907153	-2.97551	0.667698	-2.09845
0.96	0.875156	-3.42127	0.645139	-2.411
0.97	0.838785	-3.84994	0.619525	-2.70936
0.98	0.798221	-4.25936	0.591004	-2.99214
0.99	0.753668	-4.64749	0.559738	-3.25805
1	0.705349	-5.0124	0.525903	-3.50588
1.01	0.653504	-5.35225	0.489685	-3.73452
1.02	0.598393	-5.66536	0.45128	-3.94296
1.03	0.540291	-5.95015	0.410896	-4.13032
1.04	0.479489	-6.2052	0.368747	-4.29579
1.05	0.416291	-6.42924	0.325055	-4.43872
1.06	0.351012	-6.62114	0.280049	-4.55854
1.07	0.283978	-6.77996	0.233963	-4.65482
1.08	0.215526	-6.90488	0.187032	-4.72725
1.09	0.145996	-6.9953	0.139498	-4.77563
1.1	0.0757361	-7.05076	0.0916003	-4.79989
1.11	0.00509797	-7.07098	0.0435805	-4.80007
1.12	-0.0655656	-7.05585	-0.00432135	-4.77634
1.13	-0.135901	-7.00546	-0.0518675	-4.72899
1.14	-0.205558	-6.92006	-0.0988237	-4.65842
1.15	-0.274187	-6.80008	-0.14496	-4.56514
1.16	-0.341446	-6.6461	-0.190053	-4.44977
1.17	-0.406999	-6.45892	-0.233884	-4.31305
1.18	-0.470517	-6.23945	-0.276245	-4.1558
1.19	-0.531684	-5.98879	-0.316935	-3.97895
1.2	-0.590193	-5.7082	-0.355762	-3.78351
1.21	-0.645753	-5.39909	-0.392547	-3.5706
1.22	-0.698085	-5.06299	-0.42712	-3.34138
1.23	-0.746928	-4.70159	-0.459325	-3.09713
1.24	-0.792038	-4.31668	-0.489017	-2.83915
1.25	-0.83319	-3.91021	-0.516066	-2.56883
1.26	-0.870177	-3.48419	-0.540357	-2.28761
1.27	-0.902815	-3.04076	-0.561787	-1.99695
1.28	-0.930942	-2.58213	-0.58027	-1.69837
1.29	-0.954415	-2.11059	-0.595733	-1.39342
1.3	-0.973118	-1.62851	-0.608122	-1.08365
1.31	-0.986958	-1.13828	-0.617396	-0.770653
1.32	-0.995865	-0.642371	-0.62353	-0.455997
1.33	-0.999795	-0.143248	-0.626515	-0.141265
1.34	-0.998728	0.356591	-0.62636	0.171976
1.35	-0.992669	0.854647	-0.623086	0.482174
1.36	-0.981649	1.34843	-0.616732	0.787808
1.37	-0.965723	1.83548	-0.60735	1.08739
1.38	-0.94497	2.31335	-0.595009	1.37946
1.39	-0.919494	2.77966	-0.579791	1.66262
1.4	-0.889423	3.23208	-0.561791	1.93553
1.41	-0.854906	3.66834	-0.541118	2.1969
1.42	-0.816117	4.08627	-0.517895	2.4455
1.43	-0.773249	4.48378	-0.492255	2.68019
1.44	-0.726516	4.85888	-0.464342	2.89989
1.45	-0.676153	5.20969	-0.43431	3.10361
1.46	-0.622409	5.53447	-0.402326	3.29046
1.47	-0.565556	5.83158	-0.36856	3.45962
1.48	-0.505875	6.09955	-0.333195	3.61036
1.49	-0.443666	6.33703	-0.296416	3.74208
1.5	-0.37924	6.54285	-0.258418	3.85423
1.51	-0.312918	6.71596	-0.219398	3.94641
1.52	-0.245033	6.8555	-0.179558	4.01829
1.53	-0.175922	6.96079	-0.139101	4.06966
1.54	-0.105933	7.03128	-0.0982334	4.1004
1.55	-0.035414	7.06663	-0.0571618	4.1105
1.56	0.0352819	7.06666	-0.0160919	4.10006
1.57	0.105801	7.03138	0.0247716	4.06927
1.58	0.175792	6.96095	0.0652266	4.01843
1.59	0.244904	6.85573	0.105075	3.94793
1.6	0.312793	6.71625	0.144121	3.85827
1.61	0.379118	6.5432	0.182178	3.75001
1.62	0.443548	6.33745	0.219062	3.62383
1.63	0.505761	6.10002	0.254597	3.48048
1.64	0.565446	5.83211	0.288617	3.32079
1.65	0.622306	5.53505	0.320962	3.14568
1.66	0.676055	5.21032	0.351482	2.95613
1.67	0.726425	4.85956	0.38004	2.75317
1.68	0.773165	4.4845	0.406505	2.53792
1.69	0.816041	4.08704	0.430761	2.31153
1.7	0.854838	3.66914	0.452702	2.07521
1.71	0.889362	3.23291	0.472236	1.8302
1.72	0.919442	2.78052	0.489282	1.57778
1.73	0.944927	2.31423	0.503771	1.31927
1.74	0.965688	1.83638	0.515651	1.05599
1.75	0.981624	1.34935	0.52488	0.789284
1.76	0.992653	0.855575	0.53143	0.520509
1.77	0.998721	0.357525	0.535287	0.251018
1.78	0.999797	-0.142313	0.536452	-0.0178448
1.79	0.995877	-0.64144	0.534937	-0.284743
1.8	0.986979	-1.13736	0.530768	-0.548361
1.81	0.973149	-1.6276	0.523985	-0.807409
1.82	0.954454	-2.1097	0.51464	-1.06063
1.83	0.93099	-2.58126	0.502796	-1.3068
1.84	0.902872	-3.03991	0.488531	-1.54474
1.85	0.870242	-3.48338	0.471932	-1.77334
1.86	0.833263	-3.90943	0.453099	-1.9915
1.87	0.792119	-4.31594	0.432141	-2.19823
1.88	0.747016	-4.70089	0.409176	-2.39256
1.89	0.698179	-5.06234	0.384334	-2.57363
1.9	0.645854	-5.39849	0.35775	-2.74061
1.91	0.5903	-5.70765	0.329571	-2.89278
1.92	0.531796	-5.98829	0.299946	-3.02947
1.93	0.470634	-6.239	0.269035	-3.15013
1.94	0.40712	-6.45853	0.236999	-3.25426
1.95	0.341571	-6.64579	0.204006	-3.34145
1.96	0.274315	-6.79982	0.170227	-3.41139
1.97	0.205688	-6.91987	0.135836	-3.46386
1.98	0.136032	-7.00534	0.101009	-3.4987
1.99	0.0656976	-7.05579	0.0659213	-3.51588
2	-0.00496572	-7.07098	0.0307501	-3.51543
2.01	-0.0756042	-7.05083	-0.00432892	-3.49747
2.02	-0.145865	-6.99544	-0.0391417	-3.46222
2.03	-0.215396	-6.90509	-0.0735167	-3.40997
2.04	-0.283851	-6.78022	-0.107286	-3.34111
2.05	-0.350888	-6.62147	-0.140285	-3.25608
2.06	-0.41617	-6.42963	-0.172355	-3.15543
2.07	-0.479373	-6.20565	-0.203343	-3.03976
2.08	-0.54018	-5.95065	-0.233103	-2.90977
2.09	-0.598287	-5.66592	-0.261493	-2.76618
2.1	-0.653404	-5.35286	-0.288384	-2.60983
2.11	-0.705255	-5.01306	-0.31365	-2.44156
2.12	-0.753581	-4.6482	-0.337178	-2.26231
2.13	-0.798142	-4.2601	-0.358863	-2.07304
2.14	-0.838713	-3.85072	-0.378609	-1.87477
2.15	-0.875092	-3.42209	-0.396332	-1.66854
2.16	-0.907097	-2.97636	-0.411957	-1.45544
2.17	-0.934569	-2.51575	-0.425421	-1.23658
2.18	-0.95737	-2.04257	-0.436673	-1.01309
2.19	-0.975387	-1.55918	-0.445672	-0.786109
2.2	-0.988528	-1.06799	-0.452388	-0.556797
2.21	-0.996729	-0.571472	-0.456804	-0.326312
2.22	-0.999948	-0.0720953	-0.458914	-0.0958097
2.23	-0.998169	0.427642	-0.458724	0.133562
2.24	-0.991402	0.925242	-0.45625	0.360669
2.25	-0.97968	1.41822	-0.451521	0.584395
2.26	-0.963061	1.90411	-0.444577	0.803649
2.27	-0.94163	2.38048	-0.435467	1.01737
2.28	-0.915492	2.84495	-0.424251	1.22454
2.29	-0.884778	3.29521	-0.411001	1.42416
2.3	-0.849642	3.72899	-0.395797	1.61529
2.31	-0.81026	4.14414	-0.378727	1.79705
2.32	-0.766829	4.53858	-0.35989	1.96859
2.33	-0.719564	4.91033	-0.339392	2.12913
2.34	-0.668704	5.25754	-0.317346	2.27794
2.35	-0.614501	5.57848	-0.293874	2.41438
2.36	-0.557227	5.87153	-0.269102	2.53783
2.37	-0.497168	6.13524	-0.243162	2.64779
2.38	-0.434625	6.36828	-0.216193	2.74379
2.39	-0.369909	6.5695	-0.188334	2.82545
2.4	-0.303344	6.73788	-0.159733	2.89247
2.41	-0.235263	6.87259	-0.130535	2.94462
2.42	-0.166007	6.97295	-0.10089	2.98174
2.43	-0.0959207	7.03846	-0.0709501	3.00376
2.44	-0.025355	7.06879	-0.0408655	3.01065
2.45	0.0453374	7.0638	-0.0107872	3.00251
2.46	0.115803	7.02349	0.019135	2.97947
2.47	0.18569	6.94809	0.0487532	2.94175
2.48	0.254649	6.83796	0.0779219	2.88964
2.49	0.322335	6.69365	0.106499	2.8235
2.5	0.388411	6.51589	0.134347	2.74376
2.51	0.452545	6.30556	0.161331	2.65091
2.52	0.514417	6.06372	0.187323	2.54551
2.53	0.573718	5.79158	0.212201	2.42817
2.54	0.630152	5.49048	0.235849	2.29955
2.55	0.683436	5.16195	0.258157	2.16037
2.56	0.733305	4.80762	0.279024	2.01141
2.57	0.779508	4.42926	0.298355	1.85347
2.58	0.821816	4.02876	0.316066	1.6874
2.59	0.860016	3.60812	0.332079	1.51408
2.6	0.893918	3.16946	0.346326	1.33443
2.61	0.923353	2.71495	0.358749	1.14939
2.62	0.948172	2.24688	0.369299	0.959911
2.63	0.968253	1.76757	0.377936	0.766976
2.64	0.983494	1.27943	0.384631	0.571567
2.65	0.99382	0.784895	0.389363	0.374674
2.66	0.999179	0.286437	0.392122	0.177289
2.67	0.999544	-0.213452	0.39291	-0.0196028
2.68	0.994913	-0.712274	0.391735	-0.215023
2.69	0.98531	-1.20754	0.388618	-0.408009
2.7	0.970783	-1.69676	0.383586	-0.597617
2.71	0.951403	-2.17751	0.37668	-0.782926
2.72	0.927269	-2.64737	0.367945	-0.963043
2.73	0.8985	-3.10401	0.357439	-1.13711
2.74	0.865241	-3.54513	0.345226	-1.30429
2.75	0.827657	-3.96853	0.331379	-1.46382
2.76	0.785936	-4.37209	0.315977	-1.61494
2.77	0.740288	-4.75381	0.29911	-1.75696
2.78	0.690939	-5.11176	0.280871	-1.88925
2.79	0.638138	-5.44417	0.26136	-2.0112
2.8	0.582147	-5.74937	0.240683	-2.12228
2.81	0.523246	-6.02583	0.218952	-2.22202
2.82	0.46173	-6.27218	0.196282	-2.30999
2.83	0.397907	-6.48718	0.172792	-2.38585
2.84	0.332095	-6.66975	0.148606	-2.4493
2.85	0.264623	-6.819	0.123849	-2.5001
2.86	0.195829	-6.93416	0.0986468	-2.5381
2.87	0.126056	-7.01466	0.0731296	-2.56319
2.88	0.0556524	-7.06011	0.0474261	-2.57535
2.89	-0.0150289	-7.07027	0.0216657	-2.57459
2.9	-0.0856351	-7.04509	-0.00402285	-2.56101
2.91	-0.155813	-6.9847	-0.0295122	-2.53477
2.92	-0.225213	-6.88941	-0.0546768	-2.49609
2.93	-0.293487	-6.75968	-0.0793935	-2.44525
2.94	-0.360294	-6.59617	-0.103542	-2.38259
2.95	-0.4253	-6.39969	-0.127007	-2.30849
2.96	-0.488181	-6.17122	-0.149676	-2.22342
2.97	-0.548622	-5.91191	-0.171441	-2.12787
2.98	-0.60632	-5.62306	-0.1922	-2.02238
2.99	-0.660989	-5.3061	-0.211857	-1.90756
3	-0.712354	-4.96262	-0.230322	-1.78404
3.01	-0.760159	-4.59434	-0.247511	-1.65249
3.02	-0.804164	-4.20309	-0.263347	-1.51363
3.03	-0.84415	-3.79084	-0.277762	-1.36821
3.04	-0.879918	-3.35965	-0.290692	-1.21698
3.05	-0.911287	-2.91166	-0.302085	-1.06074
3.06	-0.938102	-2.44912	-0.311893	-0.900316
3.07	-0.960229	-1.97434	-0.32008	-0.736524
3.08	-0.977556	-1.48969	-0.326615	-0.570206
3.09	-0.989998	-0.997595	-0.331478	-0.402209
3.1	-0.997491	-0.500516	-0.334657	-0.23338
3.11	-1	-0.000935173	-0.336146	-0.0645666
3.12	-0.99751	0.49865	-0.335951	0.103391
3.13	-0.990035	0.995744	-0.334084	0.269662
3.14	-0.977612	1.48786	-0.330566	0.43343
3.15	-0.960303	1.97254	-0.325426	0.593897
3.16	-0.938194	2.44736	-0.318702	0.750287
3.17	-0.911396	2.90995	-0.310437	0.901849
3.18	-0.880043	3.358	-0.300683	1.04786
3.19	-0.844292	3.78926	-0.2895	1.18764
3.2	-0.804321	4.20159	-0.276953	1.32052
3.21	-0.76033	4.59291	-0.263115	1.44591
3.22	-0.712539	4.96128	-0.248062	1.56321
3.23	-0.661187	5.30486	-0.231879	1.67192
3.24	-0.606531	5.62192	-0.214654	1.77153
3.25	-0.548843	5.91088	-0.19648	1.86163
3.26	-0.488412	6.17031	-0.177454	1.94183
3.27	-0.425539	6.39889	-0.157678	2.0118
3.28	-0.36054	6.59549	-0.137254	2.07126
3.29	-0.293739	6.75913	-0.116288	2.11999
3.3	-0.22547	6.88899	-0.0948901	2.15782
3.31	-0.156075	6.98441	-0.0731686	2.18464
3.32	-0.0858986	7.04493	-0.0512341	2.2004
3.33	-0.0152934	7.07024	-0.0291976	2.20508
3.34	0.0553883	7.06021	-0.00716927	2.19875
3.35	0.125793	7.0149	0.0147411	2.18151
3.36	0.195569	6.93452	0.0364251	2.15353
3.37	0.264368	6.81949	0.0577765	2.11502
3.38	0.331845	6.67037	0.0786912	2.06624
3.39	0.397664	6.48792	0.0990682	2.00751
3.4	0.461496	6.27304	0.11881	1.93919
3.41	0.523021	6.02681	0.137821	1.8617
3.42	0.581932	5.75046	0.156014	1.77547
3.43	0.637934	5.44536	0.173303	1.681
3.44	0.690748	5.11305	0.189609	1.57881
3.45	0.74011	4.75519	0.204856	1.46948
3.46	0.785773	4.37356	0.218976	1.35359
3.47	0.827508	3.97007	0.231908	1.23176
3.48	0.865108	3.54674	0.243594	1.10465
3.49	0.898384	3.10569	0.253985	0.97293
3.5	0.92717	2.64911	0.263039	0.83728
3.51	0.951322	2.17929	0.27072	0.698405
3.52	0.970719	1.69858	0.276999	0.557022
3.53	0.985265	1.20938	0.281855	0.41385
3.54	0.994887	0.714135	0.285273	0.269615
3.55	0.999536	0.215321	0.287246	0.125044
3.56	0.99919	-0.284568	0.287775	-0.0191413
3.57	0.993849	-0.783036	0.286867	-0.162226
3.58	0.983542	-1.27759	0.284536	-0.303504
3.59	0.968319	-1.76576	0.280805	-0.442285
3.6	0.948256	-2.2451	0.275701	-0.577895
3.61	0.923454	-2.71322	0.26926	-0.709681
3.62	0.894037	-3.16779	0.261522	-0.837014
3.63	0.860151	-3.60652	0.252536	-0.959289
3.64	0.821967	-4.02722	0.242355	-1.07593
3.65	0.779674	-4.4278	0.231038	-1.18641
3.66	0.733485	-4.80624	0.218649	-1.2902
3.67	0.683629	-5.16067	0.205258	-1.38684
3.68	0.630357	-5.4893	0.190938	-1.4759
3.69	0.573935	-5.7905	0.175767	-1.55699
3.7	0.514644	-6.06276	0.159826	-1.62976
3.71	0.45278	-6.30472	0.1432	-1.69391
3.72	0.388654	-6.51516	0.125977	-1.74917
3.73	0.322586	-6.69305	0.108247	-1.79533
3.74	0.254905	-6.83748	0.0901014	-1.83224
3.75	0.18595	-6.94774	0.0716336	-1.85975
3.76	0.116066	-7.02328	0.0529378	-1.87782
3.77	0.0456016	-7.06371	0.0341088	-1.8864
3.78	-0.0250906	-7.06884	0.0152413	-1.88553
3.79	-0.0956574	-7.03864	-0.00357049	-1.87528
3.8	-0.165746	-6.97326	-0.0222333	-1.85575
3.81	-0.235006	-6.87303	-0.0406552	-1.82712
3.82	-0.303092	-6.73845	-0.0587461	-1.78959
3.83	-0.369663	-6.57019	-0.0764182	-1.74341
3.84	-0.434386	-6.3691	-0.0935865	-1.68887
3.85	-0.496939	-6.13617	-0.110169	-1.6263
3.86	-0.557008	-5.87257	-0.126087	-1.55606
3.87	-0.614292	-5.57962	-0.141266	-1.47857
3.88	-0.668507	-5.25879	-0.155636	-1.39425
3.89	-0.719381	-4.91167	-0.16913	-1.30357
3.9	-0.766659	-4.54001	-0.181687	-1.20704
3.91	-0.810105	-4.14565	-0.193253	-1.10517
3.92	-0.849503	-3.73058	-0.203775	-0.998499
3.93	-0.884655	-3.29686	-0.213209	-0.887603
3.94	-0.915385	-2.84666	-0.221515	-0.77306
3.95	-0.94154	-2.38224	-0.22866	-0.655466
3.96	-0.96299	-1.90591	-0.234616	-0.535428
3.97	-0.979627	-1.42005	-0.239362	-0.41356
3.98	-0.991367	-0.927096	-0.242883	-0.290483
3.99	-0.998153	-0.429509	-0.24517	-0.166818
4	-0.99995	0.070225	-0.246219	-0.0431842
4.01	-0.99675	0.569608	-0.246036	0.0798021
4.02	-0.988568	1.06614	-0.244628	0.201533
4.03	-0.975445	1.55735	-0.242011	0.321411
4.04	-0.957447	2.04078	-0.238208	0.438852
4.05	-0.934663	2.514	-0.233244	0.553288
4.06	-0.907208	2.97466	-0.227154	0.664171
4.07	-0.87522	3.42045	-0.219974	0.770972
4.08	-0.838856	3.84915	-0.211749	0.873188
4.09	-0.798301	4.25861	-0.202527	0.970342
4.1	-0.753755	4.64679	-0.192361	1.06199
4.11	-0.705442	5.01174	-0.181307	1.1477
4.12	-0.653604	5.35164	-0.169428	1.2271
4.13	-0.598499	5.6648	-0.156788	1.29984
4.14	-0.540402	5.94964	-0.143455	1.36559
4.15	-0.479605	6.20475	-0.1295	1.42409
4.16	-0.416411	6.42885	-0.114998	1.47508
4.17	-0.351135	6.62081	-0.100024	1.51837
4.18	-0.284105	6.77969	-0.0846566	1.5538
4.19	-0.215655	6.90468	-0.0689747	1.58124
4.2	-0.146126	6.99516	-0.0530586	1.60062
4.21	-0.0758679	7.05069	-0.0369893	1.61189
4.22	-0.00523022	7.07097	-0.0208479	1.61505
4.23	0.0654336	7.05591	-0.00471524	1.61014
4.24	0.13577	7.00559	0.0113284	1.59726
4.25	0.205429	6.92025	0.0272036	1.5765
4.26	0.27406	6.80033	0.0428327	1.54804
4.27	0.341322	6.64642	0.0581394	1.51207
4.28	0.406878	6.45929	0.0730498	1.46881
4.29	0.4704	6.23988	0.0874923	1.41855
4.3	0.531571	5.98929	0.101398	1.36157
4.31	0.590086	5.70876	0.114702	1.2982
4.32	0.645651	5.39969	0.127342	1.22882
4.33	0.69799	5.06364	0.13926	1.15379
4.34	0.74684	4.70228	0.150401	1.07354
4.35	0.791957	4.31742	0.160715	0.98851
4.36	0.833116	3.91099	0.170156	0.899146
4.37	0.870112	3.485	0.178685	0.805927
4.38	0.902758	3.0416	0.186264	0.709344
4.39	0.930893	2.583	0.192862	0.609902
4.4	0.954375	2.11148	0.198454	0.508116
4.41	0.973088	1.62942	0.203018	0.40451
4.42	0.986936	1.13921	0.20654	0.299612
4.43	0.995853	0.643302	0.209008	0.193953
4.44	0.999792	0.144183	0.210418	0.0880653
4.45	0.998734	-0.355657	0.21077	-0.0175224
4.46	0.992685	-0.853719	0.21007	-0.122286
4.47	0.981674	-1.34751	0.208329	-0.22571
4.48	0.965757	-1.83457	0.205562	-0.327289
4.49	0.945013	-2.31247	0.201791	-0.426529
4.5	0.919546	-2.7788	0.197041	-0.522952
4.51	0.889483	-3.23125	0.191343	-0.616098
4.52	0.854975	-3.66754	0.184732	-0.705526
4.53	0.816193	-4.08551	0.177246	-0.790817
4.54	0.773333	-4.48305	0.16893	-0.871573
4.55	0.726607	-4.8582	0.159831	-0.947426
4.56	0.67625	-5.20906	0.149999	-1.01803
4.57	0.622513	-5.53388	0.139489	-1.08307
4.58	0.565664	-5.83105	0.128358	-1.14227
4.59	0.505989	-6.09908	0.116664	-1.19536
4.6	0.443785	-6.33662	0.104471	-1.24213
4.61	0.379362	-6.54249	0.0918434	-1.28238
4.62	0.313044	-6.71566	0.078846	-1.31597
4.63	0.245161	-6.85527	0.0655466	-1.34277
4.64	0.176053	-6.96062	0.0520135	-1.3627
4.65	0.106064	-7.03118	0.0383157	-1.3757
4.66	0.0355462	-7.0666	0.0245227	-1.38175
4.67	-0.0351497	-7.0667	0.0107038	-1.38089
4.68	-0.10567	-7.03148	-0.00307208	-1.37315
4.69	-0.175662	-6.96111	-0.0167365	-1.35862
4.7	-0.244776	-6.85596	-0.0302223	-1.33744
4.71	-0.312667	-6.71654	-0.0434635	-1.30973
4.72	-0.378995	-6.54355	-0.0563959	-1.2757
4.73	-0.443429	-6.33786	-0.0689572	-1.23555
4.74	-0.505647	-6.10049	-0.0810874	-1.18953
4.75	-0.565337	-5.83264	-0.0927291	-1.13791
4.76	-0.622202	-5.53563	-0.103828	-1.08098
4.77	-0.675957	-5.21095	-0.114332	-1.01906
4.78	-0.726334	-4.86023	-0.124194	-0.952495
4.79	-0.773081	-4.48522	-0.133368	-0.881653
4.8	-0.815964	-4.0878	-0.141814	-0.806915
4.81	-0.854769	-3.66994	-0.149494	-0.728679
4.82	-0.889302	-3.23374	-0.156377	-0.647359
4.83	-0.91939	-2.78138	-0.162433	-0.563383
4.84	-0.944883	-2.31512	-0.167637	-0.477186
4.85	-0.965654	-1.83728	-0.17197	-0.389214
4.86	-0.981598	-1.35027	-0.175417	-0.299918
4.87	-0.992636	-0.856503	-0.177966	-0.20975
4.88	-0.998714	-0.358458	-0.179611	-0.119167
4.89	-0.9998	0.141378	-0.180349	-0.0286223
4.9	-0.995889	0.640508	-0.180185	0.0614334
4.91	-0.987	1.13644	-0.179124	0.150555
4.92	-0.973179	1.62669	-0.177178	0.238305
4.93	-0.954494	2.1088	-0.174364	0.324256
4.94	-0.931038	2.58038	-0.1707	0.407993
4.95	-0.902929	3.03907	-0.166213	0.489113
4.96	-0.870307	3.48256	-0.160928	0.567232
4.97	-0.833336	3.90865	-0.154879	0.641981
4.98	-0.792199	4.3152	-0.148101	0.713011
4.99	-0.747104	4.70019	-0.140632	0.779994
5	-0.698274	5.06168	-0.132516	0.842625
5.01	-0.645954	5.39788	-0.123795	0.900623
5.02	-0.590406	5.7071	-0.114519	0.953731
5.03	-0.531907	5.98779	-0.104738	1.00172
5.04	-0.47075	6.23856	-0.0945028	1.04438
5.05	-0.40724	6.45815	-0.0838686	1.08155
5.06	-0.341695	6.64546	-0.0728907	1.11306
5.07	-0.274442	6.79956	-0.0616265	1.13882
5.08	-0.205817	6.91968	-0.0501339	1.15872
5.09	-0.136163	7.00521	-0.0384717	1.17272
5.1	-0.0658295	7.05573	-0.0266994	1.18077
5.11	0.00483347	7.07098	-0.0148761	1.18289
5.12	0.0754723	7.0509	-0.00306125	1.1791
5.13	0.145734	6.99557	0.00868645	1.16947
5.14	0.215267	6.90528	0.0203089	1.15408
5.15	0.283725	6.78048	0.0317492	1.13305
5.16	0.350764	6.6218	0.0429515	1.10652
5.17	0.41605	6.43001	0.0538618	1.07466
5.18	0.479257	6.20609	0.0644277	1.03768
5.19	0.540069	5.95116	0.074599	0.995787
5.2	0.598181	5.66647	0.0843279	0.949225
5.21	0.653304	5.35347	0.0935689	0.898261
5.22	0.705161	5.01372	0.102279	0.843179
5.23	0.753494	4.6489	0.11042	0.784281
5.24	0.798062	4.26085	0.117953	0.721889
5.25	0.83864	3.8515	0.124847	0.656336
5.26	0.875027	3.42291	0.131071	0.587971
5.27	0.907041	2.97721	0.136598	0.517155
5.28	0.934522	2.51662	0.141407	0.444258
5.29	0.957332	2.04346	0.145478	0.369656
5.3	0.975357	1.56009	0.148796	0.293733
5.31	0.988508	1.06892	0.151349	0.216878
5.32	0.996718	0.572404	0.153131	0.139478
5.33	0.999946	0.0730304	0.154138	0.0619231
5.34	0.998177	-0.426709	0.154371	-0.0153989
5.35	0.991419	-0.924315	0.153832	-0.0921048
5.36	0.979706	-1.4173	0.152532	-0.167817
5.37	0.963097	-1.9032	0.150481	-0.242165
5.38	0.941674	-2.3796	0.147694	-0.314789
5.39	0.915544	-2.84409	0.144192	-0.385338
5.4	0.884839	-3.29438	0.139996	-0.453476
5.41	0.849712	-3.7282	0.135131	-0.51888
5.42	0.810338	-4.14338	0.129628	-0.581243
5.43	0.766913	-4.53786	0.123518	-0.640277
5.44	0.719656	-4.90966	0.116835	-0.69571
5.45	0.668802	-5.25691	0.109616	-0.747291
5.46	0.614605	-5.5779	0.101902	-0.794791
5.47	0.557337	-5.87101	0.0937347	-0.838001
5.48	0.497283	-6.13477	0.0851572	-0.876736
5.49	0.434744	-6.36788	0.0762154	-0.910834
5.5	0.370032	-6.56915	0.0669565	-0.940158
5.51	0.30347	-6.7376	0.0574286	-0.964595
5.52	0.235392	-6.87237	0.0476812	-0.984057
5.53	0.166137	-6.9728	0.0377643	-0.998482
5.54	0.0960523	-7.03837	0.0277284	-1.00783
5.55	0.0254872	-7.06877	0.0176245	-1.0121
5.56	-0.0452053	-7.06384	0.00750331	-1.0113
5.57	-0.115672	-7.0236	-0.00258467	-1.00546
5.58	-0.18556	-6.94826	-0.0125894	-0.994663
5.59	-0.254521	-6.83819	-0.0224617	-0.978983
5.6	-0.32221	-6.69395	-0.0321532	-0.958537
5.61	-0.388289	-6.51625	-0.041617	-0.933459
5.62	-0.452427	-6.30599	-0.0508074	-0.903907
5.63	-0.514303	-6.0642	-0.0596808	-0.87006
5.64	-0.57361	-5.79211	-0.068195	-0.832115
5.65	-0.630049	-5.49107	-0.0763101	-0.790291
5.66	-0.683339	-5.16259	-0.0839886	-0.744822
5.67	-0.733215	-4.8083	-0.0911953	-0.695961
5.68	-0.779425	-4.42998	-0.0978974	-0.643975
5.69	-0.821741	-4.02953	-0.104065	-0.589144
5.7	-0.859949	-3.60893	-0.109672	-0.531761
5.71	-0.893859	-3.17029	-0.114693	-0.47213
5.72	-0.923302	-2.71581	-0.119108	-0.410564
5.73	-0.94813	-2.24776	-0.122899	-0.347382
5.74	-0.968219	-1.76847	-0.126051	-0.282911
5.75	-0.98347	-1.28035	-0.128554	-0.217481
5.76	-0.993805	-0.785824	-0.130399	-0.151424
5.77	-0.999173	-0.287372	-0.131581	-0.0850731
5.78	-0.999548	0.212517	-0.1321	-0.0187617
5.79	-0.994927	0.711343	-0.131958	0.0471805
5.8	-0.985333	1.20661	-0.131159	0.112428
5.81	-0.970814	1.69585	-0.129713	0.17666
5.82	-0.951444	2.17662	-0.12763	0.239564
5.83	-0.927318	2.64651	-0.124927	0.300837
5.84	-0.898558	3.10317	-0.12162	0.360183
5.85	-0.865307	3.54431	-0.117731	0.417322
5.86	-0.827731	3.96775	-0.113282	0.471984
5.87	-0.786018	4.37136	-0.1083	0.523914
5.88	-0.740376	4.75311	-0.102813	0.572872
5.89	-0.691035	5.11112	-0.0968532	0.618636
5.9	-0.638239	5.44357	-0.0904521	0.660999
5.91	-0.582254	5.74882	-0.0836452	0.699774
5.92	-0.523359	6.02534	-0.0764692	0.734794
5.93	-0.461848	6.27175	-0.0689623	0.76591
5.94	-0.398028	6.4868	-0.0611644	0.792995
5.95	-0.33222	6.66944	-0.0531162	0.815941
5.96	-0.264751	6.81875	-0.0448597	0.834663
5.97	-0.195958	6.93397	-0.0364373	0.849098
5.98	-0.126187	7.01454	-0.0278922	0.859203
5.99	-0.0557844	7.06005	-0.0192677	0.864958
6	0.0148967	7.07028	-0.0106075	0.866365
6.01	0.0855033	7.04517	-0.00195485	0.863448
6.02	0.155683	6.98485	0.00664718	0.85625
6.03	0.225084	6.88962	0.0151561	0.844838
6.04	0.29336	6.75995	0.0235302	0.829298
6.05	0.36017	6.5965	0.0317287	0.809737
6.06	0.42518	6.40008	0.0397119	0.786278
6.07	0.488065	6.17167	0.0474417	0.759068
6.08	0.548511	5.91242	0.0548813	0.728266
6.09	0.606215	5.62362	0.0619957	0.694053
6.1	0.66089	5.30671	0.0687516	0.656621
6.11	0.712261	4.96328	0.0751181	0.616181
6.12	0.760072	4.59505	0.0810659	0.572953
6.13	0.804085	4.20384	0.0865686	0.527173
6.14	0.844079	3.79163	0.0916017	0.479088
6.15	0.879855	3.36047	0.0961435	0.428951
6.16	0.911233	2.91251	0.100175	0.377028
6.17	0.938056	2.44999	0.103679	0.323589
6.18	0.960192	1.97523	0.106642	0.268912
6.19	0.977528	1.4906	0.109054	0.213276
6.2	0.989979	0.998521	0.110906	0.156967
6.21	0.997482	0.501449	0.112192	0.100268
6.22	0.999999	0.00187035	0.112911	0.043466
6.23	0.997519	-0.497717	0.113062	-0.0131567
6.24	0.990053	-0.994818	0.112649	-0.0693189
6.25	0.977639	-1.48695	0.111678	-0.124744
6.26	0.960339	-1.97164	0.110158	-0.179161
6.27	0.938239	-2.44648	0.108099	-0.232307
6.28	0.91145	-2.9091	0.105517	-0.283924
6.29	0.880106	-3.35718	0.102427	-0.333768
6.3	0.844363	-3.78847	0.0988479	-0.381601
6.31	0.8044	-4.20083	0.094802	-0.427201
6.32	0.760416	-4.5922	0.0903121	-0.470354
6.33	0.712632	-4.96062	0.0854037	-0.510864
6.34	0.661286	-5.30424	0.0801042	-0.548547
6.35	0.606636	-5.62135	0.0744428	-0.583235
6.36	0.548953	-5.91037	0.06845	-0.614777
6.37	0.488527	-6.16985	0.0621582	-0.643036
6.38	0.425659	-6.39849	0.0556006	-0.667896
6.39	0.360664	-6.59515	0.0488119	-0.689256
6.4	0.293866	-6.75885	0.0418274	-0.707034
6.41	0.225599	-6.88877	0.0346834	-0.721167
6.42	0.156205	-6.98426	0.0274164	-0.731609
6.43	0.0860304	-7.04485	0.0200636	-0.738335
6.44	0.0154256	-7.07022	0.0126621	-0.741337
6.45	-0.0552562	-7.06026	0.00524924	-0.740625
6.46	-0.125662	-7.01501	-0.00213809	-0.73623
6.47	-0.19544	-6.9347	-0.00946324	-0.728199
6.48	-0.26424	-6.81974	-0.0166902	-0.716597
6.49	-0.331721	-6.67068	-0.0237835	-0.701507
6.5	-0.397543	-6.48829	-0.030709	-0.683028
6.51	-0.461378	-6.27347	-0.0374332	-0.661277
6.52	-0.522908	-6.0273	-0.0439241	-0.636383
6.53	-0.581824	-5.751	-0.0501509	-0.608494
6.54	-0.637832	-5.44596	-0.0560845	-0.577769
6.55	-0.690652	-5.1137	-0.0616974	-0.544381
6.56	-0.740021	-4.75588	-0.0669638	-0.508514
6.57	-0.785691	-4.3743	-0.07186	-0.470365
6.58	-0.827434	-3.97085	-0.0763642	-0.430139
6.59	-0.865041	-3.54755	-0.0804566	-0.388052
6.6	-0.898326	-3.10653	-0.0841198	-0.344325
6.61	-0.92712	-2.64997	-0.0873384	-0.299189
6.62	-0.951281	-2.18018	-0.0900996	-0.252877
6.63	-0.970687	-1.69949	-0.0923928	-0.205629
6.64	-0.985242	-1.2103	-0.0942099	-0.157686
6.65	-0.994873	-0.715065	-0.095545	-0.109293
6.66	-0.999532	-0.216256	-0.096395	-0.0606926
6.67	-0.999195	0.283634	-0.096759	-0.0121291
6.68	-0.993864	0.782106	-0.0966386	0.0361561
6.69	-0.983566	1.27667	-0.0960376	0.0839244
6.7	-0.968352	1.76485	-0.0949626	0.130941
6.71	-0.948298	2.24421	-0.0934221	0.176978
6.72	-0.923505	2.71236	-0.091427	0.221813
6.73	-0.894096	3.16695	-0.0889905	0.26523
6.74	-0.860218	3.60571	-0.0861278	0.307023
6.75	-0.822042	4.02645	-0.0828561	0.346995
6.76	-0.779757	4.42707	-0.0791946	0.384961
6.77	-0.733574	4.80556	-0.0751642	0.420744
6.78	-0.683726	5.16003	-0.0707876	0.454182
6.79	-0.63046	5.48871	-0.0660889	0.485125
6.8	-0.574043	5.78996	-0.0610938	0.513436
6.81	-0.514757	6.06228	-0.0558293	0.538993
6.82	-0.452898	6.30429	-0.0503235	0.561686
6.83	-0.388776	6.5148	-0.0446055	0.581424
6.84	-0.322711	6.69274	-0.0387052	0.598128
6.85	-0.255033	6.83724	-0.0326532	0.611737
6.86	-0.18608	6.94756	-0.0264809	0.622205
6.87	-0.116197	7.02317	-0.0202197	0.6295
6.88	-0.0457337	7.06366	-0.0139015	0.633609
6.89	0.0249584	7.06886	-0.00755816	0.634534
6.9	0.0955257	7.03873	-0.0012214	0.632292
6.91	0.165616	6.97341	0.00507724	0.626917
6.92	0.234878	6.87325	0.0113067	0.618457
6.93	0.302966	6.73873	0.0174363	0.606976
6.94	0.36954	6.57054	0.0234364	0.592552
6.95	0.434267	6.3695	0.0292778	0.575277
6.96	0.496824	6.13663	0.0349327	0.555257
6.97	0.556898	5.87309	0.0403742	0.532612
6.98	0.614188	5.5802	0.0455767	0.507472
6.99	0.668409	5.25941	0.0505158	0.47998
7	0.719289	4.91235	0.0551689	0.450289
7.01	0.766574	4.54073	0.0595148	0.418563
7.02	0.810027	4.14641	0.063534	0.384974
7.03	0.849433	3.73137	0.0672087	0.349701
7.04	0.884593	3.29769	0.070523	0.312933
7.05	0.915331	2.84752	0.073463	0.274862
7.06	0.941496	2.38312	0.0760166	0.235689
7.07	0.962954	1.90681	0.0781738	0.195614
7.08	0.9796	1.42097	0.0799266	0.154845
7.09	0.99135	0.928023	0.081269	0.113589
7.1	0.998145	0.430442	0.0821974	0.0720557
7.11	0.999951	-0.0692899	0.0827099	0.0304528
7.12	0.99676	-0.568676	0.0828069	-0.0110116
7.13	0.988587	-1.06522	0.0824908	-0.0521319
7.14	0.975474	-1.55644	0.0817661	-0.0927058
7.15	0.957484	-2.03988	0.0806392	-0.132535
7.16	0.93471	-2.51313	0.0791186	-0.171426
7.17	0.907264	-2.97381	0.0772144	-0.209192
7.18	0.875283	-3.41963	0.0749391	-0.245653
7.19	0.838928	-3.84837	0.0723063	-0.280636
7.2	0.79838	-4.25786	0.0693318	-0.313977
7.21	0.753842	-4.64608	0.0660328	-0.345522
7.22	0.705536	-5.01108	0.0624278	-0.375126
7.23	0.653704	-5.35103	0.0585372	-0.402655
7.24	0.598605	-5.66424	0.0543821	-0.427987
7.25	0.540514	-5.94913	0.0499851	-0.451011
7.26	0.479721	-6.2043	0.0453699	-0.471627
7.27	0.416531	-6.42845	0.0405609	-0.489751
7.28	0.351259	-6.62048	0.0355834	-0.50531
7.29	0.284232	-6.77942	0.0304634	-0.518243
7.3	0.215784	-6.90448	0.0252275	-0.528505
7.31	0.146257	-6.99503	0.0199024	-0.536063
7.32	0.0759998	-7.05061	0.0145153	-0.540898
7.33	0.00536247	-7.07096	0.0090935	-0.543006
7.34	-0.0653016	-7.05597	0.00366424	-0.542395
7.35	-0.135639	-7.00571	-0.0017454	-0.539086
7.36	-0.205299	-6.92044	-0.00710861	-0.533116
7.37	-0.273933	-6.80059	-0.012399	-0.524532
7.38	-0.341198	-6.64674	-0.0175907	-0.513396
7.39	-0.406757	-6.45967	-0.0226587	-0.49978
7.4	-0.470283	-6.24032	-0.0275784	-0.483771
7.41	-0.531459	-5.98978	-0.0323264	-0.465463
7.42	-0.589979	-5.70931	-0.0368803	-0.444965
7.43	-0.64555	-5.40029	-0.0412188	-0.422394
7.44	-0.697895	-5.06429	-0.0453217	-0.397877
7.45	-0.746752	-4.70298	-0.0491703	-0.371549
7.46	-0.791876	-4.31816	-0.0527471	-0.343554
7.47	-0.833043	-3.91176	-0.0560363	-0.314043
7.48	-0.870046	-3.48581	-0.0590235	-0.283175
7.49	-0.902701	-3.04244	-0.0616958	-0.251111
7.5	-0.930844	-2.58387	-0.0640423	-0.21802
7.51	-0.954335	-2.11237	-0.0660534	-0.184074
7.52	-0.973057	-1.63033	-0.0677215	-0.149448
7.53	-0.986915	-1.14013	-0.0690407	-0.11432
7.54	-0.99584	-0.644233	-0.0700068	-0.0788668
7.55	-0.999789	-0.145118	-0.0706175	-0.0432684
7.56	-0.99874	0.354722	-0.0708723	-0.00770279
7.57	-0.9927	0.85279	-0.0707723	0.0276531
7.58	-0.981699	1.3466	-0.0703205	0.0626246
7.59	-0.965791	1.83367	-0.0695216	0.0970402
7.6	-0.945056	2.31158	-0.0683821	0.130733
7.61	-0.919598	2.77794	-0.0669099	0.163539
7.62	-0.889543	3.23041	-0.0651148	0.195302
7.63	-0.855043	3.66674	-0.0630079	0.22587
7.64	-0.81627	4.08474	-0.0606019	0.2551
7.65	-0.773416	4.48233	-0.0579108	0.282856
7.66	-0.726698	4.85752	-0.0549501	0.30901
7.67	-0.676347	5.20842	-0.0517363	0.333442
7.68	-0.622616	5.5333	-0.0482873	0.356043
7.69	-0.565773	5.83052	-0.0446219	0.376713
7.7	-0.506103	6.0986	-0.0407598	0.395363
7.71	-0.443903	6.3362	-0.0367216	0.411914
7.72	-0.379484	6.54213	-0.0325288	0.426297
7.73	-0.313169	6.71537	-0.0282031	0.438457
7.74	-0.245289	6.85504	-0.0237672	0.448349
7.75	-0.176183	6.96045	-0.0192438	0.455938
7.76	-0.106196	7.03108	-0.0146562	0.461204
7.77	-0.0356784	7.06656	-0.0100275	0.464136
7.78	0.0350175	7.06673	-0.00538121	0.464736
7.79	0.105538	7.03157	-0.000740522	0.463018
7.8	0.175532	6.96128	0.00387149	0.459005
7.81	0.244648	6.85619	0.00843204	0.452734
7.82	0.312541	6.71683	0.0129188	0.444252
7.83	0.378873	6.54391	0.0173099	0.433617
7.84	0.44331	6.33828	0.0215842	0.420896
7.85	0.505532	6.10097	0.0257211	0.406167
7.86	0.565228	5.83316	0.0297011	0.389519
7.87	0.622098	5.53621	0.0335054	0.371047
7.88	0.67586	5.21158	0.0371163	0.350855
7.89	0.726243	4.86091	0.0405172	0.329057
7.9	0.772997	4.48595	0.0436925	0.305772
7.91	0.815887	4.08856	0.0466281	0.281127
7.92	0.8547	3.67074	0.0493109	0.255253
7.93	0.889241	3.23457	0.0517295	0.228289
7.94	0.919338	2.78224	0.0538736	0.200376
7.95	0.944839	2.316	0.0557343	0.171659
7.96	0.965619	1.83819	0.0573046	0.142288
7.97	0.981573	1.35119	0.0585784	0.112413
7.98	0.99262	0.857432	0.0595517	0.082187
7.99	0.998707	0.359392	0.0602215	0.0517621
8	0.999802	-0.140443	0.0605867	0.0212917
8.01	0.9959	-0.639577	0.0606477	-0.00907223
8.02	0.987021	-1.13551	0.0604062	-0.0391792
8.03	0.973209	-1.62578	0.0598655	-0.0688809
8.04	0.954533	-2.10791	0.0590304	-0.0980325
8.05	0.931086	-2.57951	0.0579071	-0.126492
8.06	0.902986	-3.03822	0.0565033	-0.154124
8.07	0.870372	-3.48175	0.0548278	-0.180795
8.08	0.833409	-3.90787	0.052891	-0.20638
8.09	0.79228	-4.31446	0.0507043	-0.230758
8.1	0.747191	-4.69949	0.0482803	-0.253817
8.11	0.698368	-5.06103	0.0456327	-0.275451
8.12	0.646055	-5.39727	0.0427763	-0.295562
8.13	0.590513	-5.70655	0.0397268	-0.314061
8.14	0.532019	-5.98729	0.0365008	-0.330866
8.15	0.470867	-6.23812	0.0331154	-0.345907
8.16	0.407361	-6.45777	0.0295887	-0.35912
8.17	0.341819	-6.64514	0.0259393	-0.370452
8.18	0.274569	-6.7993	0.0221861	-0.37986
8.19	0.205946	-6.91948	0.0183486	-0.38731
8.2	0.136294	-7.00508	0.0144465	-0.39278
8.21	0.0659615	-7.05566	0.0104997	-0.396255
8.22	-0.00470121	-7.07098	0.00652805	-0.397733
8.23	-0.0753404	-7.05097	0.00255164	-0.397219
8.24	-0.145603	-6.99571	-0.00140974	-0.39473
8.25	-0.215138	-6.90548	-0.00533647	-0.390293
8.26	-0.283598	-6.78075	-0.00920923	-0.383943
8.27	-0.35064	-6.62212	-0.0130091	-0.375725
8.28	-0.41593	-6.4304	-0.0167177	-0.365693
8.29	-0.479141	-6.20654	-0.0203171	-0.35391
8.3	-0.539957	-5.95166	-0.0237903	-0.340446
8.31	-0.598075	-5.66703	-0.0271207	-0.325381
8.32	-0.653203	-5.35408	-0.0302929	-0.3088
8.33	-0.705067	-5.01437	-0.033292	-0.290797
8.34	-0.753407	-4.6496	-0.0361044	-0.271471
8.35	-0.797982	-4.26159	-0.0387174	-0.250928
8.36	-0.838568	-3.85229	-0.0411193	-0.229279
8.37	-0.874963	-3.42373	-0.0432996	-0.206638
8.38	-0.906985	-2.97805	-0.0452491	-0.183127
8.39	-0.934475	-2.5175	-0.0469597	-0.158867
8.4	-0.957293	-2.04436	-0.0484244	-0.133985
8.41	-0.975328	-1.561	-0.0496377	-0.10861
8.42	-0.988487	-1.06984	-0.0505954	-0.0828707
8.43	-0.996707	-0.573336	-0.0512944	-0.0568981
8.44	-0.999945	-0.0739655	-0.051733	-0.0308234
8.45	-0.998185	0.425775	-0.0519109	-0.00477699
8.46	-0.991436	0.923387	-0.0518291	0.0211115
8.47	-0.979732	1.41638	-0.0514897	0.0467142
8.48	-0.963132	1.9023	-0.0508962	0.0719057
8.49	-0.941718	2.37871	-0.0500533	0.0965634
8.5	-0.915597	2.84324	-0.0489671	0.120568
8.51	-0.884901	3.29355	-0.0476445	0.143805
8.52	-0.849781	3.7274	-0.0460939	0.166163
8.53	-0.810415	4.14262	-0.0443245	0.187538
8.54	-0.766998	4.53714	-0.0423467	0.20783
8.55	-0.719748	4.90898	-0.0401718	0.226945
8.56	-0.6689	5.25629	-0.0378121	0.244797
8.57	-0.61471	5.57732	-0.0352804	0.261305
8.58	-0.557447	5.87048	-0.0325907	0.276396
8.59	-0.497398	6.13431	-0.0297574	0.290005
8.6	-0.434863	6.36747	-0.0267957	0.302075
8.61	-0.370154	6.56881	-0.0237212	0.312557
8.62	-0.303596	6.73731	-0.02055	0.321409
8.63	-0.23552	6.87215	-0.0172986	0.328598
8.64	-0.166268	6.97264	-0.0139837	0.3341
8.65	-0.0961839	7.03828	-0.0106222	0.3379
8.66	-0.0256194	7.06874	-0.00723137	0.339991
8.67	0.0450731	7.06388	-0.00382813	0.340374
8.68	0.11554	7.02371	-0.000429559	0.339058
8.69	0.18543	6.94843	0.00294744	0.336064
8.7	0.254393	6.83843	0.00628621	0.331416
8.71	0.322085	6.69425	0.00957037	0.325151
8.72	0.388167	6.51661	0.012784	0.317309
8.73	0.452308	6.30641	0.0159115	0.307942
8.74	0.51419	6.06468	0.0189379	0.297107
8.75	0.573501	5.79265	0.0218489	0.284867
8.76	0.629946	5.49166	0.0246308	0.271295
8.77	0.683243	5.16323	0.0272706	0.256465
8.78	0.733125	4.80899	0.0297562	0.240462
8.79	0.779342	4.43071	0.0320762	0.223373
8.8	0.821665	4.03029	0.0342203	0.20529
8.81	0.859881	3.60973	0.0361791	0.186311
8.82	0.893799	3.17113	0.0379439	0.166537
8.83	0.923251	2.71668	0.0395075	0.146071
8.84	0.948088	2.24865	0.0408634	0.12502
8.85	0.968186	1.76938	0.0420063	0.103494
8.86	0.983446	1.28127	0.042932	0.0816022
8.87	0.99379	0.786753	0.0436375	0.0594567
8.88	0.999168	0.288306	0.0441207	0.0371697
8.89	0.999551	-0.211582	0.0443808	0.0148529
8.9	0.99494	-0.710413	0.044418	-0.00738212
8.91	0.985355	-1.20569	0.0442338	-0.0294253
8.92	0.970846	-1.69495	0.0438305	-0.0511682
8.93	0.951484	-2.17573	0.0432118	-0.0725045
8.94	0.927367	-2.64564	0.0423821	-0.0933309
8.95	0.898616	-3.10232	0.0413472	-0.113547
8.96	0.865373	-3.5435	0.0401136	-0.133057
8.97	0.827805	-3.96698	0.0386887	-0.151768
8.98	0.786099	-4.37062	0.0370812	-0.169593
8.99	0.740465	-4.75242	0.0353001	-0.186448
9	0.69113	-5.11047	0.0333557	-0.202258
9.01	0.638341	-5.44297	0.0312587	-0.216949
9.02	0.582361	-5.74828	0.0290206	-0.230458
9.03	0.523471	-6.02485	0.0266537	-0.242725
9.04	0.461965	-6.27131	0.0241705	-0.253697
9.05	0.398149	-6.48643	0.0215842	-0.26333
9.06	0.332344	-6.66913	0.0189085	-0.271583
9.07	0.264878	-6.8185	0.0161572	-0.278427
9.08	0.196088	-6.93379	0.0133447	-0.283836
9.09	0.126318	-7.01442	0.0104854	-0.287793
9.1	0.0559165	-7.06	0.00759372	-0.29029
9.11	-0.0147644	-7.07029	0.00468443	-0.291323
9.12	-0.0853715	-7.04525	0.00177211	-0.290899
9.13	-0.155552	-6.98499	-0.00112872	-0.289028
9.14	-0.224955	-6.88982	-0.0040037	-0.285731
9.15	-0.293234	-6.76022	-0.00683868	-0.281034
9.16	-0.360047	-6.59684	-0.00961982	-0.27497
9.17	-0.42506	-6.40048	-0.0123337	-0.267579
9.18	-0.48795	-6.17213	-0.0149671	-0.258907
9.19	-0.5484	-5.91293	-0.0175077	-0.249006
9.2	-0.60611	-5.62419	-0.0199433	-0.237933
9.21	-0.66079	-5.30733	-0.0222627	-0.225753
9.22	-0.712168	-4.96395	-0.0244549	-0.212534
9.23	-0.759986	-4.59575	-0.0265101	-0.198348
9.24	-0.804006	-4.20459	-0.0284189	-0.183273
9.25	-0.844008	-3.79242	-0.0301729	-0.167391
9.26	-0.879792	-3.36129	-0.0317643	-0.150786
9.27	-0.911178	-2.91336	-0.0331865	-0.133545
9.28	-0.93801	-2.45087	-0.0344334	-0.11576
9.29	-0.960154	-1.97613	-0.0355002	-0.0975223
9.3	-0.9775	-1.49152	-0.0363827	-0.0789261
9.31	-0.98996	-0.999446	-0.0370778	-0.0600665
9.32	-0.997472	-0.502381	-0.0375834	-0.0410393
9.33	-0.999999	-0.00280552	-0.0378984	-0.0219405
9.34	-0.997528	0.496784	-0.0380223	-0.00286556
9.35	-0.990072	0.993891	-0.0379561	0.0160906
9.36	-0.977667	1.48603	-0.0377012	0.0348343
9.37	-0.960376	1.97074	-0.0372604	0.0532738
9.38	-0.938285	2.44561	-0.0366371	0.0713194
9.39	-0.911504	2.90825	-0.0358356	0.0888838
9.4	-0.880168	3.35635	-0.0348613	0.105883
9.41	-0.844433	3.78768	-0.0337201	0.122236
9.42	-0.804478	4.20008	-0.032419	0.137867
9.43	-0.760502	4.59149	-0.0309654	0.152702
9.44	-0.712725	4.95995	-0.0293678	0.166673
9.45	-0.661385	5.30362	-0.0276351	0.179716
9.46	-0.606741	5.62078	-0.0257768	0.191773
9.47	-0.549063	5.90985	-0.0238031	0.202791
9.48	-0.488642	6.16939	-0.0217246	0.212722
9.49	-0.425778	6.39809	-0.0195524	0.221524
9.5	-0.360787	6.59481	-0.017298	0.229162
9.51	-0.293992	6.75858	-0.0149731	0.235605
9.52	-0.225728	6.88856	-0.0125899	0.24083
9.53	-0.156336	6.98412	-0.0101607	0.244819
9.54	-0.0861621	7.04477	-0.00769773	0.24756
9.55	-0.0155579	7.07021	-0.00521364	0.24905
9.56	0.0551242	7.06031	-0.0027209	0.249289
9.57	0.125531	7.01513	-0.000232006	0.248284
9.58	0.19531	6.93488	0.00224068	0.24605
9.59	0.264113	6.81998	0.00468497	0.242607
9.6	0.331596	6.67099	0.00708887	0.237978
9.61	0.397421	6.48866	0.00944069	0.232197
9.62	0.461261	6.2739	0.0117291	0.2253
9.63	0.522795	6.02778	0.0139431	0.217329
9.64	0.581716	5.75154	0.0160722	0.208331
9.65	0.63773	5.44655	0.0181065	0.198358
9.66	0.690556	5.11434	0.0200363	0.187467
9.67	0.739932	4.75657	0.021853	0.175718
9.68	0.785609	4.37503	0.0235481	0.163176
9.69	0.827359	3.97162	0.0251141	0.149909
9.7	0.864975	3.54836	0.0265441	0.135988
9.71	0.898267	3.10736	0.0278319	0.121486
9.72	0.92707	2.65084	0.0289721	0.106481
9.73	0.95124	2.18107	0.0299601	0.0910496
9.74	0.970655	1.70039	0.0307919	0.0752727
9.75	0.985219	1.21122	0.0314646	0.059231
9.76	0.994859	0.715995	0.031976	0.0430062
9.77	0.999527	0.21719	0.0323244	0.0266803
9.78	0.9992	-0.2827	0.0325095	0.0103355
9.79	0.993878	-0.781177	0.0325314	-0.0059468
9.8	0.983589	-1.27575	0.032391	-0.0220859
9.81	0.968384	-1.76395	0.0320904	-0.0380024
9.82	0.94834	-2.24333	0.031632	-0.0536186
9.83	0.923555	-2.7115	0.0310193	-0.0688589
9.84	0.894155	-3.16611	0.0302563	-0.0836499
9.85	0.860286	-3.60491	0.029348	-0.0979211
9.86	0.822117	-4.02568	0.0282998	-0.111605
9.87	0.779839	-4.42634	0.0271181	-0.124638
9.88	0.733664	-4.80487	0.0258095	-0.136959
9.89	0.683822	-5.15939	0.0243815	-0.148512
9.9	0.630562	-5.48812	0.022842	-0.159244
9.91	0.574151	-5.78943	0.0211995	-0.169109
9.92	0.51487	-6.06179	0.0194628	-0.178063
9.93	0.453016	-6.30387	0.0176414	-0.186067
9.94	0.388898	-6.51443	0.0157448	-0.193089
9.95	0.322836	-6.69244	0.013783	-0.1991
9.96	0.255161	-6.837	0.0117662	-0.204078
9.97	0.18621	-6.94739	0.00970492	-0.208004
9.98	0.116329	-7.02305	0.00760967	-0.210867
9.99	0.0458658	-7.06362	0.00549114	-0.21266
10	-0.0248261	-7.06888	0.00336004	-0.213382
10.01	-0.095394	-7.03881	0.00122707	-0.213035
10.02	-0.165485	-6.97357	-0.000897137	-0.21163
10.03	-0.234749	-6.87347	-0.00300205	-0.209181
10.04	-0.30284	-6.73901	-0.00507734	-0.205707
10.05	-0.369417	-6.57088	-0.00711286	-0.201233
10.06	-0.434148	-6.3699	-0.00909875	-0.195787
10.07	-0.496709	-6.13709	-0.0110255	-0.189405
10.08	-0.556788	-5.87361	-0.0128839	-0.182124
10.09	-0.614083	-5.58077	-0.0146651	-0.173986
10.1	-0.66831	-5.26004	-0.0163609	-0.165039
10.11	-0.719196	-4.91302	-0.0179633	-0.155332
10.12	-0.766488	-4.54144	-0.0194652	-0.144919
10.13	-0.80995	-4.14717	-0.0208596	-0.133857
10.14	-0.849363	-3.73217	-0.0221404	-0.122206
10.15	-0.884531	-3.29851	-0.0233019	-0.110027
10.16	-0.915278	-2.84837	-0.0243394	-0.0973856
10.17	-0.941451	-2.384	-0.0252483	-0.084347
10.18	-0.962918	-1.90771	-0.0260252	-0.0709792
10.19	-0.979573	-1.42188	-0.026667	-0.0573512
10.2	-0.991332	-0.92895	-0.0271716	-0.0435326
10.21	-0.998137	-0.431376	-0.0275373	-0.0295936
10.22	-0.999952	0.0683547	-0.0277633	-0.0156044
10.23	-0.996771	0.567743	-0.0278494	-0.0016351
10.24	-0.988607	1.06429	-0.0277963	0.0122449
10.25	-0.975502	1.55553	-0.0276051	0.0259671
10.26	-0.957522	2.03898	-0.0272777	0.0394643
10.27	-0.934757	2.51225	-0.0268168	0.0526707
10.28	-0.907319	2.97296	-0.0262255	0.0655227
10.29	-0.875347	3.41881	-0.0255077	0.0779587
10.3	-0.839	3.84758	-0.0246679	0.0899197
10.31	-0.79846	4.25711	-0.0237111	0.101349
10.32	-0.753929	4.64537	-0.0226428	0.112195
10.33	-0.70563	5.01042	-0.0214693	0.122405
10.34	-0.653804	5.35042	-0.020197	0.131935
10.35	-0.59871	5.66367	-0.018833	0.140742
10.36	-0.540625	5.94863	-0.0173847	0.148786
10.37	-0.479837	6.20385	-0.0158599	0.156033
10.38	-0.416651	6.42806	-0.0142668	0.162452
10.39	-0.351383	6.62015	-0.0126137	0.168017
10.4	-0.284358	6.77915	-0.0109094	0.172707
10.41	-0.215913	6.90427	-0.00916259	0.176504
10.42	-0.146388	6.99489	-0.00738233	0.179395
10.43	-0.0761316	7.05054	-0.00557774	0.181372
10.44	-0.00549472	7.07095	-0.00375794	0.182433
10.45	0.0651696	7.05603	-0.00193213	0.182577
10.46	0.135508	7.00584	-0.00010943	0.181812
10.47	0.20517	6.92063	0.0017011	0.180146
10.48	0.273806	6.80084	0.00349053	0.177594
10.49	0.341073	6.64706	0.00525009	0.174176
10.5	0.406636	6.46005	0.00697123	0.169914
10.51	0.470166	6.24076	0.00864565	0.164836
10.52	0.531347	5.99028	0.0102653	0.158972
10.53	0.589872	5.70986	0.0118226	0.152357
10.54	0.645449	5.4009	0.0133101	0.145029
10.55	0.6978	5.06494	0.0147209	0.137031
10.56	0.746664	4.70368	0.0160486	0.128405
10.57	0.791795	4.3189	0.0172871	0.119201
10.58	0.83297	3.91254	0.0184309	0.109466
10.59	0.869981	3.48663	0.0194748	0.0992549
10.6	0.902644	3.04329	0.0204145	0.0886203
10.61	0.930796	2.58474	0.021246	0.0776186
10.62	0.954296	2.11327	0.0219659	0.066307
10.63	0.973026	1.63124	0.0225713	0.0547441
10.64	0.986893	1.14105	0.0230601	0.0429892
10.65	0.995828	0.645164	0.0234307	0.0311021
10.66	0.999786	0.146053	0.0236819	0.0191431
10.67	0.998747	-0.353788	0.0238135	0.0071722
10.68	0.992716	-0.851861	0.0238255	-0.00475094
10.69	0.981724	-1.34568	0.0237188	-0.0165673
10.7	0.965825	-1.83277	0.0234947	-0.0282186
10.71	0.945099	-2.3107	0.0231552	-0.0396482
10.72	0.919649	-2.77708	0.0227027	-0.0508006
10.73	0.889604	-3.22958	0.0221403	-0.0616221
10.74	0.855112	-3.66594	0.0214715	-0.0720613
10.75	0.816346	-4.08398	0.0207005	-0.0820687
10.76	0.7735	-4.48161	0.0198317	-0.0915976
10.77	0.726788	-4.85683	0.0188703	-0.100604
10.78	0.676444	-5.20779	0.0178215	-0.109046
10.79	0.622719	-5.53271	0.0166914	-0.116887
10.8	0.565882	-5.82999	0.0154859	-0.12409
10.81	0.506217	-6.09813	0.0142118	-0.130625
10.82	0.444021	-6.33578	0.0128758	-0.136464
10.83	0.379607	-6.54178	0.0114849	-0.141583
10.84	0.313295	-6.71507	0.0100466	-0.145961
10.85	0.245417	-6.85481	0.00856821	-0.149581
10.86	0.176313	-6.96029	0.0070575	-0.152431
10.87	0.106327	-7.03098	0.00552218	-0.154503
10.88	0.0358105	-7.06653	0.00397006	-0.15579
10.89	-0.0348853	-7.06676	0.002409	-0.156292
10.9	-0.105407	-7.03167	0.000846833	-0.156012
10.91	-0.175402	-6.96144	-0.000708658	-0.154957
10.92	-0.24452	-6.85641	-0.00224977	-0.153138
10.93	-0.312416	-6.71712	-0.00376892	-0.150569
10.94	-0.37875	-6.54426	-0.00525871	-0.147268
10.95	-0.443192	-6.33869	-0.00671192	-0.143256
10.96	-0.505418	-6.10144	-0.00812155	-0.138559
10.97	-0.565119	-5.83369	-0.00948091	-0.133205
10.98	-0.621995	-5.53679	-0.0107836	-0.127225
10.99	-0.675762	-5.21221	-0.0120234	-0.120652
11	-0.726152	-4.86159	-0.0131948	-0.113525
11.01	-0.772913	-4.48667	-0.0142922	-0.105882
11.02	-0.815811	-4.08932	-0.0153108	-0.0977644
11.03	-0.854631	-3.67154	-0.0162461	-0.089217
11.04	-0.88918	-3.2354	-0.0170939	-0.0802848
11.05	-0.919285	-2.7831	-0.0178506	-0.0710151
11.06	-0.944796	-2.31688	-0.0185132	-0.0614563
11.07	-0.965584	-1.83909	-0.019079	-0.0516582
11.08	-0.981547	-1.3521	-0.0195457	-0.0416711
11.09	-0.992604	-0.85836	-0.0199119	-0.0315462
11.1	-0.9987	-0.360326	-0.0201764	-0.0213347
11.11	-0.999804	0.139508	-0.0203385	-0.0110882
11.12	-0.995912	0.638645	-0.0203982	-0.000858019
11.13	-0.987042	1.13459	-0.0203559	0.00930511
11.14	-0.973239	1.62486	-0.0202125	0.019351
11.15	-0.954572	2.10702	-0.0199694	0.0292305
11.16	-0.931134	2.57864	-0.0196286	0.0388954
11.17	-0.903042	3.03738	-0.0191924	0.0482992
11.18	-0.870437	3.48093	-0.0186636	0.0573969
11.19	-0.833481	3.90709	-0.0180456	0.0661452
11.2	-0.79236	4.31372	-0.017342	0.0745031
11.21	-0.747279	4.69879	-0.016557	0.0824316
11.22	-0.698463	5.06037	-0.0156949	0.0898943
11.23	-0.646156	5.39667	-0.0147608	0.0968572
11.24	-0.590619	5.70599	-0.0137596	0.103289
11.25	-0.532131	5.9868	-0.0126968	0.109162
11.26	-0.470983	6.23768	-0.0115783	0.11445
11.27	-0.407482	6.45739	-0.0104099	0.119131
11.28	-0.341943	6.64482	-0.00919776	0.123186
11.29	-0.274696	6.79904	-0.00794829	0.126599
11.3	-0.206076	6.91929	-0.00666795	0.129358
11.31	-0.136425	7.00495	-0.00536334	0.131454
11.32	-0.0660934	7.0556	-0.00404111	0.13288
11.33	0.00456896	7.07099	-0.00270798	0.133634
11.34	0.0752085	7.05103	-0.00137066	0.133718
11.35	0.145472	6.99584	-3.58485e-05	0.133135
11.36	0.215009	6.90568	0.00128983	0.131893
11.37	0.283471	6.78101	0.00259985	0.130003
11.38	0.350516	6.62245	0.00388777	0.127478
11.39	0.415809	6.43079	0.00514735	0.124336
11.4	0.479025	6.20699	0.00637251	0.120597
11.41	0.539846	5.95216	0.00755738	0.116284
11.42	0.597969	5.66759	0.00869635	0.111421
11.43	0.653103	5.35469	0.00978406	0.106037
11.44	0.704973	5.01503	0.0108155	0.100163
11.45	0.75332	4.65031	0.0117858	0.0938306
11.46	0.797902	4.26234	0.0126907	0.0870752
11.47	0.838496	3.85307	0.013526	0.0799334
11.48	0.874899	3.42454	0.0142882	0.0724432
11.49	0.90693	2.9789	0.0149738	0.0646445
11.5	0.934427	2.51837	0.0155802	0.0565782
11.51	0.957255	2.04525	0.0161046	0.0482864
11.52	0.975298	1.56191	0.0165453	0.0398119
11.53	0.988467	1.07077	0.0169004	0.0311983
11.54	0.996696	0.574268	0.0171689	0.0224894
11.55	0.999943	0.0749006	0.01735	0.0137292
11.56	0.998192	-0.424841	0.0174435	0.0049618
11.57	0.991453	-0.92246	0.0174494	-0.0037692
11.58	0.979759	-1.41547	0.0173684	-0.0124205
11.59	0.963167	-1.9014	0.0172014	-0.0209496
11.6	0.941762	-2.37783	0.0169499	-0.0293149
11.61	0.91565	-2.84238	0.0166158	-0.0374758
11.62	0.884962	-3.29272	0.0162012	-0.0453932
11.63	0.849851	-3.7266	0.0157089	-0.0530292
11.64	0.810492	-4.14186	0.0151417	-0.0603479
11.65	0.767083	-4.53642	0.0145031	-0.067315
11.66	0.719839	-4.90831	0.0137967	-0.0738981
11.67	0.668998	-5.25566	0.0130265	-0.0800674
11.68	0.614814	-5.57675	0.0121968	-0.0857948
11.69	0.557556	-5.86996	0.0113121	-0.091055
11.7	0.497512	-6.13384	0.0103773	-0.095825
11.71	0.434982	-6.36706	0.00939735	-0.100084
11.72	0.370277	-6.56846	0.0083774	-0.103816
11.73	0.303722	-6.73703	0.00732285	-0.107004
11.74	0.235649	-6.87193	0.00623918	-0.109637
11.75	0.166398	-6.97248	0.00513199	-0.111706
11.76	0.0963155	-7.03819	0.00400697	-0.113203
11.77	0.0257516	-7.06872	0.00286984	-0.114127
11.78	-0.044941	-7.06392	0.00172634	-0.114476
11.79	-0.115409	-7.02381	0.000582232	-0.114252
11.8	-0.1853	-6.9486	-0.000556801	-0.113461
11.81	-0.254265	-6.83867	-0.00168511	-0.11211
11.82	-0.32196	-6.69455	-0.00279717	-0.11021
11.83	-0.388045	-6.51698	-0.00388753	-0.107775
11.84	-0.45219	-6.30683	-0.00495092	-0.104819
11.85	-0.514076	-6.06516	-0.00598224	-0.101363
11.86	-0.573393	-5.79318	-0.00697657	-0.0974253
11.87	-0.629843	-5.49225	-0.00792922	-0.0930301
11.88	-0.683146	-5.16386	-0.00883573	-0.0882023
11.89	-0.733034	-4.80967	-0.00969191	-0.0829689
11.9	-0.779259	-4.43144	-0.0104939	-0.0773588
11.91	-0.821589	-4.03106	-0.0112379	-0.0714025
11.92	-0.859813	-3.61053	-0.0119209	-0.0651321
11.93	-0.89374	-3.17196	-0.0125396	-0.0585811
11.94	-0.9232	-2.71754	-0.0130917	-0.0517841
11.95	-0.948045	-2.24953	-0.0135746	-0.0447765
11.96	-0.968153	-1.77028	-0.0139866	-0.0375948
11.97	-0.983421	-1.28219	-0.0143261	-0.030276
11.98	-0.993775	-0.787682	-0.0145918	-0.0228574
11.99	-0.999162	-0.28924	-0.014783	-0.0153768
12	-0.999555	0.210647	-0.0148992	-0.00787169
12.01	-0.994953	0.709482	-0.0149405	-0.000379776
12.02	-0.985377	1.20477	-0.014907	0.00706177
12.03	-0.970877	1.69404	-0.0147995	0.0144162
12.04	-0.951525	2.17484	-0.0146191	0.0216476
12.05	-0.927417	2.64477	-0.0143671	0.0287207
12.06	-0.898673	3.10148	-0.0140453	0.0356014
12.07	-0.865439	3.54269	-0.0136558	0.0422568
12.08	-0.827879	3.9662	-0.013201	0.0486554
12.09	-0.786181	4.36988	-0.0126837	0.054767
12.1	-0.740554	4.75173	-0.0121068	0.0605631
12.11	-0.691226	5.10982	-0.0114736	0.0660172
12.12	-0.638443	5.44238	-0.0107876	0.0711045
12.13	-0.582469	5.74773	-0.0100528	0.0758022
12.14	-0.523584	6.02436	-0.00927296	0.0800895
12.15	-0.462082	6.27088	-0.00845241	0.0839481
12.16	-0.398271	6.48606	-0.00759548	0.0873616
12.17	-0.332469	6.66882	-0.00670671	0.0903163
12.18	-0.265006	6.81825	-0.00579073	0.0928005
12.19	-0.196218	6.9336	-0.0048523	0.0948052
12.2	-0.126449	7.0143	-0.00389625	0.0963237
12.21	-0.0560485	7.05994	-0.00292746	0.0973519
12.22	0.0146322	7.0703	-0.00195085	0.0978881
12.23	0.0852397	7.04532	-0.000971335	0.097933
12.24	0.155421	6.98513	6.18385e-06	0.0974898
12.25	0.224826	6.89003	0.000976853	0.0965642
12.26	0.293107	6.7605	0.00193589	0.0951641
12.27	0.359923	6.59717	0.00287859	0.0932998
12.28	0.424941	6.40087	0.00380038	0.0909839
12.29	0.487834	6.17258	0.00469681	0.0882309
12.3	0.548289	5.91345	0.00556359	0.0850577
12.31	0.606004	5.62475	0.00639662	0.0814831
12.32	0.660691	5.30795	0.00719198	0.0775275
12.33	0.712075	4.96461	0.00794598	0.0732134
12.34	0.7599	4.59646	0.00865514	0.0685648
12.35	0.803927	4.20534	0.00931624	0.0636071
12.36	0.843937	3.79321	0.00992634	0.0583672
12.37	0.879728	3.36211	0.0104827	0.0528732
12.38	0.911123	2.91421	0.0109831	0.0471542
12.39	0.937964	2.45175	0.0114252	0.0412401
12.4	0.960117	1.97703	0.0118073	0.035162
12.41	0.977472	1.49243	0.012128	0.0289511
12.42	0.989941	1.00037	0.012386	0.0226394
12.43	0.997462	0.503314	0.0125805	0.0162589
12.44	0.999999	0.00374069	0.0127111	0.009842
12.45	0.997537	-0.495851	0.0127774	0.00342081
12.46	0.99009	-0.992965	0.0127796	-0.00297263
12.47	0.977694	-1.48512	0.0127181	-0.00930666
12.48	0.960412	-1.96984	0.0125937	-0.0155502
12.49	0.93833	-2.44473	0.0124075	-0.0216727
12.5	0.911559	-2.90739	0.0121608	-0.0276445
12.51	0.880231	-3.35553	0.0118552	-0.033437
12.52	0.844504	-3.78689	0.0114927	-0.0390226
12.53	0.804556	-4.19933	0.0110755	-0.0443749
12.54	0.760587	-4.59078	0.0106061	-0.0494688
12.55	0.712817	-4.95928	0.0100871	-0.0542808
12.56	0.661484	-5.303	0.00952149	-0.0587889
12.57	0.606846	-5.62021	0.0089124	-0.0629727
12.58	0.549174	-5.90934	0.00826318	-0.0668138
12.59	0.488757	-6.16893	0.00757733	-0.0702953
12.6	0.425898	-6.39769	0.00685852	-0.0734023
12.61	0.36091	-6.59447	0.00611057	-0.0761222
12.62	0.294118	-6.7583	0.00533741	-0.0784439
12.63	0.225857	-6.88835	0.00454305	-0.0803588
12.64	0.156466	-6.98397	0.00373161	-0.0818601
12.65	0.0862939	-7.04468	0.00290724	-0.0829432
12.66	0.0156901	-7.07019	0.00207415	-0.0836056
12.67	-0.0549921	-7.06036	0.00123653	-0.0838471
12.68	-0.125399	-7.01524	0.000398605	-0.0836692
12.69	-0.19518	-6.93507	-0.000435465	-0.0830759
12.7	-0.263985	-6.82023	-0.00126155	-0.082073
12.71	-0.331471	-6.6713	-0.00207559	-0.0806683
12.72	-0.3973	-6.48903	-0.00287361	-0.0788717
12.73	-0.461143	-6.27433	-0.00365175	-0.0766947
12.74	-0.522682	-6.02827	-0.00440628	-0.074151
12.75	-0.581608	-5.75208	-0.0051336	-0.0712557
12.76	-0.637628	-5.44715	-0.00583028	-0.0680257
12.77	-0.690461	-5.11499	-0.00649306	-0.0644794
12.78	-0.739842	-4.75726	-0.00711888	-0.0606368
12.79	-0.785527	-4.37576	-0.00770487	-0.0565189
12.8	-0.827285	-3.97239	-0.00824841	-0.0521483
12.81	-0.864908	-3.54917	-0.00874708	-0.0475485
12.82	-0.898209	-3.1082	-0.0091987	-0.0427439
12.83	-0.92702	-2.65171	-0.00960135	-0.0377599
12.84	-0.951199	-2.18196	-0.00995338	-0.0326227
12.85	-0.970623	-1.7013	-0.0102534	-0.0273588
12.86	-0.985196	-1.21214	-0.0105002	-0.0219954
12.87	-0.994846	-0.716925	-0.0106931	-0.0165598
12.88	-0.999523	-0.218125	-0.0108313	-0.0110797
12.89	-0.999205	0.281765	-0.0109146	-0.00558261
12.9	-0.993892	0.780247	-0.010943	-9.6071e-05
12.91	-0.983613	1.27483	-0.0109166	0.00535267
12.92	-0.968417	1.76304	-0.0108361	0.0107367
12.93	-0.948381	2.24244	-0.0107022	0.0160298
12.94	-0.923606	2.71063	-0.0105159	0.0212061
12.95	-0.894214	3.16528	-0.0102786	0.0262406
12.96	-0.860353	3.6041	-0.00999166	0.0311094
12.97	-0.822192	4.02491	-0.009657	0.0357892
12.98	-0.779922	4.42561	-0.00927658	0.0402582
12.99	-0.733754	4.80418	-0.00885261	0.0444955
13	-0.683918	5.15875	-0.00838751	0.0484816
13.01	-0.630665	5.48753	-0.00788387	0.0521985
13.02	-0.574259	5.78889	-0.00734449	0.0556294
13.03	-0.514983	6.06131	-0.00677229	0.0587594
13.04	-0.453134	6.30344	-0.00617035	0.0615748
13.05	-0.38902	6.51407	-0.00554188	0.064064
13.06	-0.322961	6.69214	-0.00489019	0.0662167
13.07	-0.255288	6.83676	-0.0042187	0.0680247
13.08	-0.18634	6.94721	-0.00353087	0.0694812
13.09	-0.11646	7.02294	-0.00283026	0.0705815
13.1	-0.0459979	7.06358	-0.00212044	0.0713226
13.11	0.0246939	7.0689	-0.00140501	0.0717033
13.12	0.0952623	7.0389	-0.000687573	0.0717243
13.13	0.165355	6.97372	2.82842e-05	0.0713879
13.14	0.234621	6.87369	0.000739007	0.0706982
13.15	0.302714	6.7393	0.00144109	0.0696613
13.16	0.369294	6.57122	0.0021311	0.0682847
13.17	0.434029	6.37031	0.00280568	0.0665776
13.18	0.496594	6.13756	0.00346159	0.0645508
13.19	0.556678	5.87413	0.00409567	0.0622166
13.2	0.613979	5.58134	0.00470494	0.0595889
13.21	0.668211	5.26066	0.00528652	0.0566827
13.22	0.719104	4.91369	0.00583772	0.0535145
13.23	0.766403	4.54216	0.006356	0.0501019
13.24	0.809872	4.14792	0.00683901	0.0464635
13.25	0.849293	3.73296	0.00728458	0.0426191
13.26	0.884469	3.29934	0.00769077	0.0385892
13.27	0.915224	2.84923	0.00805582	0.0343953
13.28	0.941406	2.38488	0.0083782	0.0300593
13.29	0.962882	1.90861	0.00865661	0.0256039
13.3	0.979546	1.4228	0.00888996	0.021052
13.31	0.991314	0.929877	0.0090774	0.016427
13.32	0.998128	0.432309	0.00921833	0.0117525
13.33	0.999953	-0.0674196	0.00931237	0.00705204
13.34	0.996781	-0.566811	0.00935937	0.00234925
13.35	0.988627	-1.06337	0.00935942	-0.00233243
13.36	0.975531	-1.55461	0.00931287	-0.00696985
13.37	0.95756	-2.03809	0.00922025	-0.0115402
13.38	0.934803	-2.51138	0.00908236	-0.0160212
13.39	0.907375	-2.97211	0.0089002	-0.0203911
13.4	0.875411	-3.41799	0.00867498	-0.024629
13.41	0.839072	-3.84679	0.00840812	-0.0287147
13.42	0.798539	-4.25637	0.00810125	-0.0326289
13.43	0.754015	-4.64467	0.00775618	-0.0363532
13.44	0.705723	-5.00975	0.00737488	-0.0398706
13.45	0.653904	-5.3498	0.00695951	-0.0431648
13.46	0.598816	-5.66311	0.00651238	-0.046221
13.47	0.540736	-5.94812	0.00603593	-0.0490258
13.48	0.479953	-6.2034	0.00553274	-0.0515668
13.49	0.416771	-6.42767	0.00500551	-0.0538332
13.5	0.351507	-6.61982	0.00445702	-0.0558157
13.51	0.284485	-6.77889	0.00389017	-0.0575064
13.52	0.216042	-6.90407	0.00330789	-0.0588989
13.53	0.146519	-6.99475	0.0027132	-0.0599884
13.54	0.0762635	-7.05047	0.00210915	-0.0607714
13.55	0.00562697	-7.07095	0.0014988	-0.0612464
13.56	-0.0650376	-7.05609	0.000885246	-0.061413
13.57	-0.135377	-7.00596	0.000271564	-0.0612725
13.58	-0.20504	-6.92082	-0.000339191	-0.0608279
13.59	-0.273678	-6.80109	-0.000943995	-0.0600835
13.6	-0.340949	-6.64737	-0.00153988	-0.0590449
13.61	-0.406515	-6.46043	-0.00212394	-0.0577196
13.62	-0.47005	-6.2412	-0.00269334	-0.056116
13.63	-0.531235	-5.99077	-0.00324536	-0.0542441
13.64	-0.589765	-5.71041	-0.00377737	-0.0521152
13.65	-0.645348	-5.4015	-0.00428685	-0.0497415
13.66	-0.697705	-5.0656	-0.00477143	-0.0471366
13.67	-0.746575	-4.70437	-0.00522886	-0.0443152
13.68	-0.791714	-4.31964	-0.00565706	-0.0412927
13.69	-0.832896	-3.91332	-0.0060541	-0.0380856
13.7	-0.869915	-3.48744	-0.00641822	-0.0347113
13.71	-0.902587	-3.04413	-0.00674783	-0.0311876
13.72	-0.930747	-2.58561	-0.00704153	-0.0275331
13.73	-0.954256	-2.11416	-0.00729812	-0.023767
13.74	-0.972995	-1.63214	-0.00751656	-0.0199088
13.75	-0.986872	-1.14197	-0.00769605	-0.0159784
13.76	-0.995816	-0.646095	-0.00783596	-0.0119958
13.77	-0.999783	-0.146988	-0.00793586	-0.00798125
13.78	-0.998753	0.352854	-0.00799555	-0.00395495
13.79	-0.992732	0.850933	-0.00801499	6.29723e-05
13.8	-0.981748	1.34476	-0.00799438	0.00405255
13.81	-0.965859	1.83186	-0.0079341	0.00799411
13.82	-0.945142	2.30981	-0.00783472	0.0118684
13.83	-0.919701	2.77622	-0.00769702	0.0156565
13.84	-0.889664	3.22875	-0.00752194	0.0193402
13.85	-0.85518	3.66514	-0.00731062	0.0229019
13.86	-0.816422	4.08321	-0.00706437	0.0263247
13.87	-0.773584	4.48088	-0.00678464	0.0295925
13.88	-0.726879	4.85615	-0.00647308	0.0326901
13.89	-0.676542	5.20715	-0.00613146	0.0356034
13.9	-0.622823	5.53213	-0.00576168	0.0383189
13.91	-0.565991	5.82946	-0.00536578	0.0408247
13.92	-0.506331	6.09765	-0.00494592	0.0431097
13.93	-0.44414	6.33537	-0.00450435	0.045164
13.94	-0.379729	6.54142	-0.00404344	0.0469791
13.95	-0.31342	6.71478	-0.00356559	0.0485475
13.96	-0.245545	6.85458	-0.00307333	0.0498632
13.97	-0.176443	6.96012	-0.00256919	0.0509213
13.98	-0.106459	7.03088	-0.00205577	0.0517185
13.99	-0.0359427	7.06649	-0.0015357	0.0522526
14	0.0347531	7.06679	-0.0010116	0.0525226
